8.6244336E+03
8.6272812E+03
NULL
8.6270098E+03
8.6249424E+03
8.6278174E+03
8.6281191E+03
8.6273008E+03
8.6300508E+03
8.6174033E+03
8.6258682E+03
8.6270791E+03
8.6197588E+03
8.6279443E+03
8.6264219E+03
8.6296289E+03
8.6219805E+03
8.6219775E+03
8.6277842E+03
8.6161006E+03
8.6217920E+03
8.6270703E+03
8.6190654E+03
8.6236328E+03
8.6252871E+03
8.6262559E+03
8.6296992E+03
8.6235381E+03
8.6320283E+03
8.6292275E+03
NULL
8.6293779E+03
8.6271738E+03
8.6264688E+03
8.6326279E+03
8.6260254E+03
8.6244551E+03
8.6307393E+03
8.6239521E+03
8.6217900E+03
8.6296689E+03
8.6282432E+03
8.6209854E+03
8.6232725E+03
8.6298945E+03
8.6219863E+03
8.6256025E+03
8.6234062E+03
8.6284062E+03
8.6281074E+03
8.6326523E+03
8.6222676E+03
8.6277246E+03
8.6284033E+03
8.6195889E+03
8.6171484E+03
8.6242871E+03
8.6222266E+03
8.6238379E+03
8.6311602E+03
8.6215186E+03
8.6228154E+03
8.6217217E+03
8.6241152E+03
8.6137432E+03
8.6300547E+03
8.6229766E+03
8.6221152E+03
8.6245518E+03
NULL
8.6227246E+03
8.6221455E+03
8.6276572E+03
8.6256377E+03
8.6179795E+03
8.6125918E+03
8.6151035E+03
8.6212607E+03
8.6208398E+03
8.6255430E+03
8.6291494E+03
8.6187900E+03
8.6272256E+03
8.6164629E+03
8.6199053E+03
8.6225234E+03
8.6209746E+03
8.6145029E+03
8.6261797E+03
8.6143135E+03
8.6215244E+03
8.6208682E+03
8.6282002E+03
8.6215576E+03
8.6223828E+03
8.6237676E+03
8.6213564E+03
8.6209199E+03
8.6189590E+03
8.6204336E+03
8.6219570E+03
8.6342314E+03
8.6228281E+03
8.6201211E+03
8.6162451E+03
8.6226162E+03
8.6185107E+03
8.6201807E+03
8.6163877E+03
8.6223184E+03
8.6205098E+03
8.6283096E+03
8.6104902E+03
8.6198057E+03
8.6142793E+03
8.6177510E+03
8.6142920E+03
8.6192070E+03
8.6124736E+03
8.6162324E+03
8.6156299E+03
8.6174443E+03
8.6142695E+03
8.6149346E+03
8.6141982E+03
8.6166201E+03
8.6179404E+03
8.6086367E+03
8.6138379E+03
8.6051963E+03
8.6100195E+03
8.6029121E+03
8.6069307E+03
8.6122695E+03
8.6196270E+03
8.6075869E+03
8.6314619E+03
8.6208564E+03
8.6123154E+03
8.6093223E+03
8.6104951E+03
8.6113662E+03
8.6151162E+03
8.6209492E+03
8.6124629E+03
8.6111787E+03
8.6062031E+03
8.6093467E+03
NULL
8.5991807E+03
8.6094385E+03
8.6172373E+03
8.6101846E+03
8.6163730E+03
8.6093330E+03
8.6003164E+03
8.6100361E+03
8.6147070E+03
8.6145723E+03
8.6110420E+03
8.6232988E+03
8.6141348E+03
8.5979277E+03
8.6112891E+03
8.6026904E+03
8.5999795E+03
8.6078799E+03
8.6049854E+03
8.6009287E+03
8.6062666E+03
8.5988779E+03
8.5965010E+03
8.6095605E+03
8.6074072E+03
8.6033623E+03
8.6020469E+03
8.6028506E+03
8.6026240E+03
8.6054307E+03
8.5962100E+03
8.6014326E+03
8.6013945E+03
8.6030264E+03
8.5950303E+03
8.6076035E+03
8.5994932E+03
8.5980771E+03
8.5994346E+03
8.5977314E+03
8.5993857E+03
8.6067822E+03
8.6024199E+03
8.5922363E+03
8.5973174E+03
8.5951162E+03
8.5943213E+03
8.6101387E+03
8.5979238E+03
8.5968525E+03
8.5975625E+03
8.6024922E+03
8.5998135E+03
8.5991064E+03
8.5898691E+03
8.4983105E+03
8.4803682E+03
8.4626650E+03
8.5094385E+03
8.5951240E+03
8.5880361E+03
8.5847393E+03
8.5860518E+03
8.5887002E+03
8.5939678E+03
8.5846592E+03
8.5947373E+03
8.5833623E+03
8.5842207E+03
8.5844482E+03
8.5962588E+03
8.5933564E+03
8.5825557E+03
8.5858818E+03
8.5880762E+03
8.5866113E+03
8.5842969E+03
8.5839121E+03
8.5812959E+03
8.5833340E+03
8.5856436E+03
8.5886904E+03
8.5826045E+03
8.5849072E+03
8.5792686E+03
8.5844971E+03
8.5752305E+03
8.5863369E+03
8.5759424E+03
8.5775000E+03
8.5796455E+03
8.5710166E+03
8.5810176E+03
8.5736826E+03
8.5725371E+03
8.5790010E+03
8.5730674E+03
8.5691699E+03
8.5693311E+03
8.5766992E+03
8.5643418E+03
8.5701104E+03
8.5690117E+03
8.5727715E+03
8.5664990E+03
8.5706191E+03
8.5599824E+03
8.5627441E+03
8.5668047E+03
8.5673516E+03
8.5738145E+03
8.5661943E+03
8.5618350E+03
8.5720020E+03
8.5631182E+03
8.5688906E+03
8.5629238E+03
8.5693535E+03
8.5587275E+03
8.5589443E+03
8.5584502E+03
8.5698633E+03
8.5602822E+03
8.5706309E+03
8.5604570E+03
8.5524697E+03
8.5618057E+03
8.5630186E+03
8.5501934E+03
8.5558809E+03
8.5582178E+03
8.5621260E+03
8.5605820E+03
8.5521797E+03
8.5542529E+03
8.5590615E+03
8.5497031E+03
8.5563535E+03
8.5422900E+03
8.5599805E+03
8.5517832E+03
8.5485625E+03
8.5457070E+03
8.5520332E+03
8.5483506E+03
NULL
8.5487451E+03
8.5510566E+03
8.5455098E+03
8.5537930E+03
8.5528848E+03
8.5501826E+03
8.5455254E+03
8.5505254E+03
8.5566992E+03
8.5575225E+03
8.5382197E+03
8.5454795E+03
8.5433535E+03
8.5430430E+03
8.5473320E+03
8.5326699E+03
8.5417490E+03
8.5400469E+03
8.5449043E+03
8.5392393E+03
8.5385098E+03
8.5384863E+03
8.5353086E+03
8.5399697E+03
8.5333320E+03
8.5366309E+03
8.5359941E+03
8.5330352E+03
8.5342568E+03
8.5314590E+03
8.5264795E+03
8.5320801E+03
8.5377100E+03
8.5327373E+03
8.5285078E+03
8.5268457E+03
8.5258389E+03
8.5282979E+03
8.5319590E+03
8.5173135E+03
8.5260625E+03
8.5173223E+03
8.5285137E+03
8.5266484E+03
8.5283867E+03
8.5206885E+03
8.5251035E+03
8.5201084E+03
8.5253203E+03
8.5243271E+03
8.5172773E+03
8.5167109E+03
8.5189854E+03
8.5136973E+03
8.5211543E+03
8.5209443E+03
8.5298320E+03
8.5128896E+03
8.5157529E+03
8.5132266E+03
8.5046074E+03
8.5094111E+03
8.5105801E+03
8.5140996E+03
8.5180391E+03
8.5045137E+03
8.5132021E+03
8.5097725E+03
8.5062549E+03
8.5056221E+03
8.5156777E+03
8.5035303E+03
8.5074697E+03
8.5092598E+03
8.5049590E+03
8.5070918E+03
8.5119678E+03
8.4943467E+03
8.4969023E+03
8.5004824E+03
8.5031250E+03
8.5042803E+03
8.4968105E+03
8.4897344E+03
8.5011855E+03
8.5013555E+03
8.4968105E+03
8.4973320E+03
8.4932080E+03
8.4851729E+03
8.4971904E+03
8.5086572E+03
8.4892627E+03
8.4868340E+03
8.4888115E+03
8.4883379E+03
8.4869395E+03
8.4975020E+03
8.4906680E+03
8.4870615E+03
8.4841572E+03
8.4922305E+03
8.4804961E+03
8.4871016E+03
8.4886465E+03
8.4804746E+03
NULL
8.4847705E+03
8.4812705E+03
8.4801182E+03
8.4833242E+03
8.4857598E+03
8.4799277E+03
8.4749375E+03
8.4798232E+03
8.4695479E+03
8.4789775E+03
8.4735430E+03
8.4657930E+03
8.4753203E+03
8.4702900E+03
8.4781738E+03
8.4772900E+03
8.4682207E+03
8.4698193E+03
8.4728252E+03
8.4714580E+03
8.4673477E+03
8.4682646E+03
8.4654805E+03
8.4733867E+03
8.4673457E+03
8.4753262E+03
8.4666807E+03
8.4701465E+03
8.4796055E+03
8.4693311E+03
8.4544561E+03
8.4749697E+03
8.4649189E+03
8.4673379E+03
8.4694785E+03
8.4659150E+03
8.4588965E+03
8.4534678E+03
NULL
8.4587373E+03
8.4580615E+03
8.4554561E+03
8.4628096E+03
8.4665635E+03
8.4530820E+03
8.4612871E+03
8.4584395E+03
8.4568955E+03
8.4581748E+03
8.4589248E+03
8.4502812E+03
8.4506768E+03
8.4495869E+03
8.4625566E+03
8.4538516E+03
8.4537520E+03
8.4558623E+03
8.4490566E+03
8.4433682E+03
8.4539727E+03
8.4557148E+03
8.4554844E+03
8.4591699E+03
8.4540371E+03
8.4463701E+03
8.4519258E+03
8.4551172E+03
8.4399307E+03
8.4433584E+03
8.4533740E+03
8.4457461E+03
8.4517051E+03
8.4500176E+03
8.4537549E+03
8.4547998E+03
8.4513447E+03
8.4516748E+03
8.4520723E+03
8.4504502E+03
8.4491836E+03
8.4434814E+03
8.4476504E+03
8.4424482E+03
8.4470020E+03
8.4462363E+03
8.4508564E+03
8.4451387E+03
8.4374385E+03
8.4402412E+03
8.4423975E+03
8.4478887E+03
8.4475693E+03
8.4505010E+03
8.4502617E+03
8.4451826E+03
8.4486562E+03
8.4450020E+03
8.4512178E+03
8.4431035E+03
8.4449551E+03
8.4495332E+03
8.4468740E+03
8.4446426E+03
8.4488623E+03
8.4413408E+03
8.4497373E+03
8.4560977E+03
8.4423828E+03
8.4448037E+03
8.4394482E+03
8.4449688E+03
8.4389463E+03
8.4491182E+03
8.4450166E+03
8.4477354E+03
8.4470615E+03
8.4462051E+03
8.4464854E+03
8.4456436E+03
8.4411035E+03
8.4551230E+03
8.4423809E+03
8.4498477E+03
8.4491426E+03
8.4455312E+03
8.4517031E+03
8.4478184E+03
8.4527832E+03
8.4494502E+03
8.4533213E+03
8.4494502E+03
8.4455400E+03
8.4459736E+03
8.4422959E+03
8.4624395E+03
8.4508877E+03
8.4533154E+03
8.4490693E+03
8.4487666E+03
8.4519062E+03
8.4490410E+03
8.4517842E+03
8.4478604E+03
8.4495186E+03
8.4658213E+03
8.4535625E+03
8.4508350E+03
8.4497139E+03
8.4553955E+03
8.4481641E+03
8.4475654E+03
8.4481602E+03
8.4511523E+03
8.4434785E+03
8.4534893E+03
8.4568633E+03
8.4552002E+03
8.4517725E+03
8.4513193E+03
8.4556494E+03
8.4554346E+03
8.4530420E+03
8.4460605E+03
8.4607109E+03
8.4545967E+03
8.4567803E+03
8.4514365E+03
8.4495557E+03
8.4590537E+03
8.4635273E+03
8.4560088E+03
8.4558506E+03
8.4657676E+03
8.4510977E+03
8.4521055E+03
8.4564844E+03
8.4508271E+03
8.4514521E+03
8.4548154E+03
8.4544062E+03
8.4564590E+03
8.4575342E+03
8.4592744E+03
8.4514072E+03
NULL
8.4532002E+03
8.4653564E+03
8.4571777E+03
8.4541328E+03
8.4583398E+03
8.4584346E+03
8.4622227E+03
8.4600732E+03
8.4563857E+03
8.4676475E+03
8.4620029E+03
8.4618633E+03
8.4647900E+03
8.4637598E+03
8.4576465E+03
8.4615781E+03
8.4607725E+03
8.4668525E+03
8.4626592E+03
8.4580928E+03
8.4646787E+03
8.4620156E+03
8.4693984E+03
8.4613613E+03
8.4712490E+03
8.4667734E+03
8.4589785E+03
8.4773418E+03
8.4705293E+03
8.4607979E+03
8.4692236E+03
8.4667441E+03
8.4695029E+03
8.4695400E+03
8.4626680E+03
8.4703574E+03
8.4634365E+03
8.4757754E+03
8.4622148E+03
8.4629834E+03
8.4696807E+03
8.4731582E+03
8.4711963E+03
8.4674990E+03
8.4661270E+03
8.4675986E+03
8.4711826E+03
8.4701768E+03
8.4580215E+03
8.4733516E+03
8.4665205E+03
8.4698779E+03
8.3662500E+03
8.3380645E+03
8.3480791E+03
8.3941553E+03
8.4729971E+03
8.4779463E+03
8.4672266E+03
8.4759600E+03
8.4707090E+03
8.4717949E+03
8.4722539E+03
8.4668330E+03
8.4704590E+03
8.4752539E+03
8.4721875E+03
8.4688691E+03
8.4682012E+03
8.4611641E+03
8.4444229E+03
8.4764111E+03
8.4784668E+03
8.4738262E+03
8.4765840E+03
8.4826455E+03
8.4813086E+03
8.4753682E+03
8.4869609E+03
8.4743057E+03
8.4778594E+03
8.4857607E+03
8.4825107E+03
8.4827256E+03
8.4826104E+03
8.4843145E+03
8.4809541E+03
8.4848076E+03
8.4853008E+03
8.4867725E+03
8.4878652E+03
8.4857002E+03
8.4884277E+03
8.4876836E+03
8.4876191E+03
8.4928457E+03
8.4863447E+03
8.4887363E+03
8.4854844E+03
8.4906738E+03
8.4889414E+03
8.4859268E+03
8.4795537E+03
8.4875127E+03
8.4939863E+03
8.5035830E+03
8.4924883E+03
8.4936377E+03
8.4827441E+03
8.5008643E+03
8.4944521E+03
8.4901865E+03
8.4997031E+03
8.4931953E+03
8.4920000E+03
8.4932471E+03
8.4890264E+03
8.4927324E+03
8.4943193E+03
8.4984023E+03
8.4966025E+03
8.5066562E+03
8.4944365E+03
8.5045283E+03
8.4933633E+03
8.5074062E+03
8.4999844E+03
8.5061807E+03
8.4969541E+03
8.5047529E+03
8.4969414E+03
8.5066689E+03
8.5095752E+03
8.5154922E+03
8.5050137E+03
8.5060693E+03
8.5033096E+03
8.4981680E+03
8.5161455E+03
8.5139902E+03
8.5048154E+03
8.5041787E+03
8.5019736E+03
8.5012568E+03
8.5072568E+03
NULL
8.5018770E+03
8.5157363E+03
8.5080205E+03
8.5118955E+03
8.5061963E+03
8.5137188E+03
8.5084658E+03
8.5145156E+03
8.5173975E+03
8.5157588E+03
8.5067314E+03
8.5112266E+03
8.5228369E+03
8.5200996E+03
8.5179609E+03
8.5204902E+03
8.5279570E+03
8.5146055E+03
8.5172783E+03
8.5167607E+03
8.5215020E+03
8.5196191E+03
8.5284395E+03
8.5185469E+03
8.5220156E+03
8.5233623E+03
8.5163818E+03
8.5317393E+03
8.5254609E+03
8.5290420E+03
8.5181055E+03
8.5310322E+03
8.5283398E+03
8.5265469E+03
8.5274668E+03
8.5230352E+03
8.5244648E+03
8.5253428E+03
8.5290479E+03
8.5291221E+03
8.5208838E+03
8.5335908E+03
8.5278242E+03
8.5274307E+03
8.5290664E+03
8.5300117E+03
8.5296094E+03
8.5292793E+03
8.5337646E+03
8.5364980E+03
8.5296582E+03
8.5309072E+03
8.5262480E+03
8.5397070E+03
8.5354785E+03
8.5339307E+03
8.5338047E+03
8.5396836E+03
8.5377178E+03
8.5344600E+03
8.5422549E+03
8.5399932E+03
8.5352529E+03
8.5531670E+03
8.5393096E+03
8.5394766E+03
8.5399541E+03
8.5354727E+03
8.5440898E+03
8.5420205E+03
8.5434043E+03
8.5434795E+03
8.5379541E+03
8.5516309E+03
8.5497510E+03
8.5479775E+03
8.5427539E+03
8.5469502E+03
8.5493008E+03
8.5444824E+03
8.5413730E+03
8.5399600E+03
8.5409844E+03
8.5486523E+03
8.5512734E+03
8.5370322E+03
8.5508672E+03
8.5491182E+03
8.5521211E+03
8.5587930E+03
8.5516436E+03
8.5576416E+03
8.5528428E+03
8.5534014E+03
8.5493750E+03
8.5557334E+03
8.5480684E+03
8.5542803E+03
8.5498115E+03
8.5538867E+03
8.5568320E+03
8.5556719E+03
8.5507305E+03
8.5451523E+03
8.5480996E+03
8.5433623E+03
8.5567402E+03
8.5542178E+03
8.5512012E+03
8.5530010E+03
8.5503848E+03
8.5522559E+03
8.5566992E+03
8.5471924E+03
8.5557871E+03
8.5530986E+03
8.5579424E+03
8.5607500E+03
8.5535146E+03
8.5611357E+03
8.5556963E+03
8.5476562E+03
8.5624375E+03
8.5580029E+03
8.5533535E+03
8.5593994E+03
8.5608750E+03
8.5621152E+03
8.5538643E+03
8.5682041E+03
8.5573477E+03
8.5574932E+03
8.5589697E+03
8.5564707E+03
8.5587891E+03
8.5562871E+03
8.5574707E+03
8.5506299E+03
8.5602568E+03
8.5558477E+03
8.5609414E+03
8.5710303E+03
8.5526553E+03
8.5746455E+03
8.5682314E+03
NULL
8.5702520E+03
8.5644805E+03
8.5616152E+03
8.5625449E+03
8.5635518E+03
8.5681611E+03
8.5634941E+03
8.5665068E+03
8.5614395E+03
8.5629814E+03
8.5676562E+03
8.5655918E+03
8.5667939E+03
8.5709053E+03
8.5629189E+03
8.5634375E+03
8.5659443E+03
8.5691465E+03
8.5745664E+03
8.5595693E+03
8.5705820E+03
8.5643613E+03
8.5670938E+03
8.5656260E+03
8.5813955E+03
8.5680146E+03
8.5705547E+03
8.5685615E+03
8.5718682E+03
8.5744160E+03
8.5772832E+03
8.5672979E+03
8.5738594E+03
8.5766533E+03
8.5766836E+03
8.5736025E+03
8.5688574E+03
8.5762168E+03
8.5736582E+03
8.5794580E+03
8.5805654E+03
8.5662510E+03
8.5729805E+03
8.5775840E+03
8.5738545E+03
8.5782578E+03
NULL
8.5836885E+03
8.5683662E+03
8.5716426E+03
8.5755771E+03
8.5762178E+03
8.5705342E+03
8.5722422E+03
8.5767197E+03
8.5808691E+03
8.5685986E+03
8.5790156E+03
8.5677754E+03
8.5800469E+03
8.5773145E+03
8.5740801E+03
8.5720566E+03
8.5788877E+03
8.5643018E+03
8.5789258E+03
8.5735127E+03
8.5833076E+03
8.5704717E+03
8.5790010E+03
8.5737578E+03
8.5668906E+03
8.5785264E+03
8.5871064E+03
8.5701826E+03
8.5729414E+03
8.5719619E+03
8.5734102E+03
8.5689551E+03
8.5678320E+03
8.5729541E+03
8.5744873E+03
8.5839971E+03
8.5791240E+03
8.5687529E+03
8.5848984E+03
8.5726084E+03
8.5745254E+03
8.5777432E+03
8.5637607E+03
8.5785674E+03
8.5749551E+03
8.5774629E+03
8.5798730E+03
8.5694932E+03
8.5704980E+03
8.5700293E+03
8.5762588E+03
8.5683154E+03
8.5703906E+03
8.5742266E+03
8.5717422E+03
8.5686709E+03
8.5815918E+03
8.5767412E+03
8.5671523E+03
8.5600264E+03
8.5650352E+03
8.5623926E+03
8.5735420E+03
8.5644805E+03
8.5674746E+03
8.5683154E+03
8.5704561E+03
8.5688516E+03
8.5671455E+03
8.5858398E+03
8.5642852E+03
8.5648486E+03
8.5646699E+03
8.5726729E+03
8.5592432E+03
8.5675303E+03
8.5620137E+03
8.5615000E+03
8.5659297E+03
8.5643057E+03
8.5715234E+03
8.5635781E+03
8.5630645E+03
8.5591826E+03
8.5572715E+03
8.5595479E+03
8.5613369E+03
8.5630879E+03
8.5667617E+03
8.5694590E+03
8.5627871E+03
8.5520215E+03
8.5557695E+03
8.5611543E+03
8.5647061E+03
8.5579268E+03
8.5614121E+03
8.5595459E+03
NULL
8.5671592E+03
8.5644854E+03
8.5566230E+03
8.5693564E+03
8.5715059E+03
8.5687910E+03
8.5680879E+03
8.5663809E+03
8.5653750E+03
8.5676270E+03
8.5597412E+03
8.5666953E+03
8.5658555E+03
8.5676162E+03
8.5678525E+03
8.5649932E+03
8.5606436E+03
8.5753955E+03
8.5693359E+03
8.5680498E+03
8.5614043E+03
8.5680166E+03
8.5668857E+03
8.5715625E+03
8.5638115E+03
8.5651602E+03
8.5693418E+03
8.5641406E+03
8.5686992E+03
8.5671289E+03
8.5572373E+03
8.5611943E+03
8.5697637E+03
8.5581514E+03
8.5587129E+03
8.5600469E+03
8.5623926E+03
8.5679004E+03
8.5666416E+03
8.5653516E+03
8.5662656E+03
8.5621914E+03
8.5657393E+03
8.5652051E+03
8.5646729E+03
8.5608447E+03
8.5662539E+03
8.5603838E+03
8.5433906E+03
8.4498721E+03
8.4316865E+03
8.4463086E+03
8.5042246E+03
8.5592930E+03
8.5694736E+03
8.5631553E+03
8.5653340E+03
8.5641426E+03
8.5564365E+03
8.5621211E+03
8.5689346E+03
8.5674316E+03
8.5633506E+03
8.5601436E+03
8.5639600E+03
8.5602432E+03
8.5624229E+03
8.5622451E+03
8.5577207E+03
8.5584795E+03
8.5641250E+03
8.5583203E+03
8.5596816E+03
8.5577529E+03
8.5698516E+03
8.5577412E+03
8.5561035E+03
8.5555049E+03
8.5653398E+03
8.5583447E+03
8.5576191E+03
8.5572695E+03
8.5657744E+03
8.5733037E+03
8.5623633E+03
8.5627686E+03
8.5633457E+03
8.5661582E+03
8.5582061E+03
8.5545049E+03
8.5563281E+03
8.5709971E+03
8.5622363E+03
8.5573770E+03
8.5540293E+03
8.5485957E+03
8.5572549E+03
8.5576426E+03
8.5592920E+03
8.5566123E+03
8.5621426E+03
8.5601572E+03
8.5489502E+03
8.5582939E+03
8.5587217E+03
8.5576641E+03
8.5619883E+03
8.5566006E+03
8.5587363E+03
8.5527012E+03
8.5549414E+03
8.5537598E+03
8.5545127E+03
8.5514375E+03
8.5575059E+03
8.5538418E+03
8.5581309E+03
8.5501035E+03
8.5487607E+03
8.5557598E+03
8.5488105E+03
8.5481836E+03
8.5548350E+03
8.5552441E+03
8.5491689E+03
8.5491904E+03
8.5499639E+03
8.5554336E+03
8.5581670E+03
8.5482266E+03
8.5486572E+03
8.5465371E+03
8.5542188E+03
8.5487402E+03
8.5500693E+03
8.5504795E+03
8.5515000E+03
8.5459189E+03
8.5401572E+03
8.5548115E+03
8.5486953E+03
8.5548799E+03
8.5434785E+03
8.5461797E+03
8.5470312E+03
NULL
8.5447812E+03
8.5449102E+03
8.5395771E+03
8.5497852E+03
8.5427363E+03
8.5366943E+03
8.5519199E+03
8.5451904E+03
8.5394863E+03
8.5431543E+03
8.5540977E+03
8.5441787E+03
8.5397256E+03
8.5511299E+03
8.5441904E+03
8.5390225E+03
8.5442686E+03
8.5421309E+03
8.5441641E+03
8.5468594E+03
8.5470430E+03
8.5463740E+03
8.5359854E+03
8.5389326E+03
8.5389443E+03
8.5484082E+03
8.5410615E+03
8.5410361E+03
8.5270850E+03
8.5402637E+03
8.5357490E+03
8.5439375E+03
8.5472188E+03
8.5354199E+03
8.5351045E+03
8.5319463E+03
8.5428164E+03
8.5345039E+03
8.5339736E+03
8.5393555E+03
8.5359609E+03
8.5330986E+03
8.5383633E+03
8.5312246E+03
8.5380674E+03
8.5282910E+03
8.5274932E+03
8.5387285E+03
8.5356465E+03
8.5301475E+03
8.5347510E+03
8.5312012E+03
8.5270029E+03
8.5333779E+03
8.5307559E+03
8.5375020E+03
8.5344893E+03
8.5259268E+03
8.5201904E+03
8.5264287E+03
8.5305381E+03
8.5291680E+03
8.5308594E+03
8.5319463E+03
8.5319521E+03
8.5331152E+03
8.5217588E+03
8.5312910E+03
8.5299678E+03
8.5175723E+03
8.5248057E+03
8.5231211E+03
8.5303242E+03
8.5277471E+03
8.5181299E+03
8.5233555E+03
8.5231816E+03
8.5233672E+03
8.5285176E+03
8.5207734E+03
8.5182656E+03
8.5199326E+03
8.5134531E+03
8.5128223E+03
8.5185889E+03
8.5116777E+03
8.5155947E+03
8.5171426E+03
8.5146738E+03
8.5137930E+03
8.5115146E+03
8.5116855E+03
8.5115703E+03
8.5081211E+03
8.5053457E+03
8.5083203E+03
8.5175420E+03
8.5143027E+03
8.5043086E+03
8.5074277E+03
8.5119043E+03
8.5058027E+03
8.5091924E+03
8.5111084E+03
8.5152168E+03
8.5101240E+03
8.5032129E+03
8.5016973E+03
8.5115840E+03
8.5084258E+03
8.5058750E+03
8.5072939E+03
8.4976826E+03
8.5047852E+03
8.5059482E+03
8.5088662E+03
8.5019736E+03
8.5055088E+03
8.5099854E+03
8.4946426E+03
8.5031934E+03
8.4990498E+03
8.4988408E+03
8.5056240E+03
8.5025723E+03
8.4979531E+03
8.4978730E+03
8.4923936E+03
8.4877793E+03
8.4920098E+03
8.4953154E+03
8.4938711E+03
8.4876533E+03
8.4956719E+03
8.4943271E+03
8.4910166E+03
8.4937559E+03
8.4914199E+03
8.4902490E+03
8.4923145E+03
8.4831533E+03
8.4900371E+03
8.4916406E+03
8.4864619E+03
8.4843545E+03
NULL
8.4885889E+03
8.4917686E+03
8.4938252E+03
8.4883926E+03
8.4858369E+03
8.4853379E+03
8.4848242E+03
8.4960781E+03
8.4859375E+03
8.4871885E+03
8.4905410E+03
8.4828691E+03
8.4865596E+03
8.4812822E+03
8.4855078E+03
8.4763926E+03
8.4857314E+03
8.4832939E+03
8.4875518E+03
8.4776396E+03
8.4812158E+03
8.4829727E+03
8.4816475E+03
8.4773965E+03
8.4731143E+03
8.4814102E+03
8.4841377E+03
8.4741426E+03
8.4723379E+03
8.4772402E+03
8.4847461E+03
8.4776738E+03
8.4796758E+03
8.4685752E+03
8.4726787E+03
8.4744951E+03
8.4771699E+03
8.4648555E+03
8.4812900E+03
8.4694697E+03
8.4727461E+03
8.4743164E+03
8.4683105E+03
8.4743818E+03
8.4732559E+03
8.4675557E+03
8.4707559E+03
8.4721943E+03
8.4705977E+03
8.4602529E+03
8.4630088E+03
8.4592236E+03
8.4684521E+03
8.4603975E+03
8.4597520E+03
8.4685254E+03
8.4613760E+03
8.4658828E+03
8.4659414E+03
8.4625889E+03
8.4663828E+03
8.4605146E+03
8.4604512E+03
8.4656689E+03
8.4605908E+03
8.4582500E+03
8.4607559E+03
8.4568652E+03
8.4596465E+03
8.4515908E+03
8.4598135E+03
8.4529775E+03
8.4495020E+03
8.4550625E+03
8.4513486E+03
8.4626934E+03
8.4558887E+03
8.4515234E+03
8.4502754E+03
8.4574326E+03
8.4579346E+03
8.4499883E+03
8.4536123E+03
8.4588633E+03
8.4527275E+03
8.4575967E+03
8.4560420E+03
8.4424590E+03
8.4591514E+03
8.4519062E+03
8.4505146E+03
8.4622979E+03
8.4513887E+03
8.4571660E+03
8.4522842E+03
8.4468906E+03
8.4564561E+03
8.4501895E+03
8.4550303E+03
8.4538623E+03
8.4494883E+03
8.4540459E+03
8.4540225E+03
8.4529980E+03
8.4562725E+03
8.4511602E+03
NULL
8.4499990E+03
8.4615859E+03
8.4503184E+03
8.4442568E+03
8.4546943E+03
8.4504014E+03
8.4529092E+03
8.4541738E+03
8.4399766E+03
8.4506924E+03
8.4578770E+03
8.4514600E+03
8.4495928E+03
8.4534355E+03
8.4466504E+03
8.4488877E+03
8.4584111E+03
8.4445762E+03
8.4441748E+03
8.4478555E+03
8.4583223E+03
8.4516914E+03
8.4480518E+03
8.4480322E+03
8.4490146E+03
8.4547090E+03
8.4449033E+03
8.4579795E+03
8.4530566E+03
8.4580039E+03
8.4575859E+03
8.4502314E+03
8.4389268E+03
8.4503750E+03
8.4486309E+03
8.4530244E+03
8.4593799E+03
8.4586846E+03
NULL
8.4535186E+03
8.4551865E+03
8.4502725E+03
8.4537998E+03
8.4412109E+03
8.4536475E+03
8.4649824E+03
8.4577939E+03
8.4486250E+03
8.4534805E+03
8.4477793E+03
8.4576953E+03
8.4531846E+03
8.4461055E+03
8.4630273E+03
8.4520654E+03
8.4524893E+03
8.4523281E+03
8.4495010E+03
8.4582168E+03
8.4612305E+03
8.4532080E+03
8.4627217E+03
8.4599883E+03
8.4469922E+03
8.4595127E+03
8.4588281E+03
8.4557920E+03
8.4513223E+03
8.4523135E+03
8.4537539E+03
8.4532529E+03
8.4589551E+03
8.4564912E+03
8.4610000E+03
8.4478750E+03
8.4586514E+03
8.4579648E+03
8.4584229E+03
8.4650029E+03
8.4570732E+03
8.4592803E+03
8.4575391E+03
8.4506211E+03
8.4582500E+03
8.4297920E+03
8.3429639E+03
8.3350889E+03
8.3430762E+03
8.4301777E+03
8.4570430E+03
8.4650361E+03
NULL
8.4608506E+03
8.4649131E+03
8.4595039E+03
8.4692871E+03
NULL
NULL
NULL
8.4670469E+03
NULL
NULL
NULL
NULL
NULL
NULL
NULL
NULL
NULL
NULL
NULL
NULL
NULL
NULL
NULL
NULL
NULL
NULL
NULL
NULL
NULL
NULL
NULL
NULL
NULL
NULL
NULL
NULL
NULL
NULL
NULL
NULL
NULL
NULL
NULL
NULL
NULL
NULL
NULL
8.4731387E+03
8.4739785E+03
8.4774404E+03
8.4767041E+03
8.4785410E+03
8.4812393E+03
8.4818027E+03
8.4850059E+03
8.4842236E+03
8.4829639E+03
8.4831943E+03
8.4782500E+03
8.4779590E+03
8.4867061E+03
8.4852939E+03
8.4816543E+03
8.4937539E+03
8.4819629E+03
8.4782402E+03
8.4865107E+03
8.4845166E+03
8.4748018E+03
8.4850400E+03
8.4884668E+03
8.4780107E+03
8.4808379E+03
8.4746768E+03
8.4778740E+03
8.4746719E+03
8.4865068E+03
8.4825508E+03
8.4817822E+03
8.4831494E+03
8.4744590E+03
8.4759395E+03
8.4783271E+03
8.4708398E+03
8.4814834E+03
8.4762900E+03
8.4751953E+03
8.4790449E+03
8.4780742E+03
8.4776113E+03
8.4816768E+03
8.4730605E+03
8.4751904E+03
8.4821416E+03
8.4784697E+03
8.4733066E+03
8.4818320E+03
8.4763945E+03
8.4796152E+03
8.4694570E+03
8.4707949E+03
8.4772910E+03
8.4795908E+03
8.4651650E+03
8.4786875E+03
8.4783594E+03
8.4785010E+03
8.4814697E+03
8.4848584E+03
8.4721514E+03
8.4782832E+03
8.4792715E+03
8.4736250E+03
8.4740283E+03
8.4765605E+03
8.4816211E+03
8.4777129E+03
8.4812529E+03
8.4879541E+03
8.4814541E+03
8.4793682E+03
8.4770293E+03
8.4787207E+03
8.4849902E+03
8.4794648E+03
8.4803652E+03
8.4871934E+03
8.4881230E+03
8.4674404E+03
8.4847510E+03
8.4835068E+03
8.4743525E+03
8.4808428E+03
8.4864082E+03
8.4752021E+03
8.4900479E+03
8.4844043E+03
8.4824443E+03
8.4831172E+03
8.4831846E+03
8.4771621E+03
8.4876523E+03
8.4814961E+03
8.4819658E+03
8.4811689E+03
NULL
8.4837188E+03
8.4946875E+03
8.4895840E+03
8.4862305E+03
8.4794111E+03
8.4854141E+03
8.4804121E+03
8.4898984E+03
8.4789629E+03
8.4791904E+03
8.4903262E+03
8.4805947E+03
8.5130605E+03
8.4861533E+03
8.4899316E+03
8.4980039E+03
8.4903232E+03
8.4899092E+03
8.4974131E+03
8.4869512E+03
8.4898916E+03
8.4957061E+03
8.4914854E+03
8.4938066E+03
8.4989238E+03
8.5001045E+03
8.4972910E+03
8.5019502E+03
8.4851396E+03
8.4929404E+03
8.4939902E+03
8.4924482E+03
8.4983506E+03
8.5023975E+03
8.4913115E+03
8.5038926E+03
8.5037578E+03
8.4923135E+03
8.4962832E+03
8.5000732E+03
8.4949541E+03
8.4952119E+03
8.4995557E+03
8.4883301E+03
8.4986680E+03
8.4956328E+03
8.5028408E+03
8.5014629E+03
8.4956914E+03
8.4945703E+03
8.4899434E+03
8.4993311E+03
8.4959824E+03
8.4948496E+03
8.4998184E+03
8.4997168E+03
NULL
8.4914932E+03
8.4993145E+03
8.5014014E+03
8.4985410E+03
8.4951143E+03
8.5088613E+03
8.4914053E+03
8.5032520E+03
8.5076240E+03
8.5000244E+03
8.5058721E+03
8.4999385E+03
8.4996641E+03
8.5009580E+03
8.5039512E+03
8.4971846E+03
8.5059980E+03
8.5024912E+03
8.5042832E+03
8.5012334E+03
8.4979619E+03
8.4976846E+03
8.5099424E+03
8.5003428E+03
8.5048154E+03
8.5090166E+03
8.5065518E+03
8.5062969E+03
8.5086973E+03
8.5127998E+03
8.5090791E+03
8.5116279E+03
8.5090918E+03
8.5101299E+03
8.5055518E+03
8.5108555E+03
8.5142627E+03
8.5167002E+03
8.5108301E+03
8.5118037E+03
8.5083711E+03
8.5074980E+03
8.5114590E+03
8.5079346E+03
8.5098438E+03
8.5138857E+03
8.5037441E+03
8.5121094E+03
8.5077422E+03
8.5149131E+03
8.5096611E+03
8.5049316E+03
8.5131299E+03
8.5177510E+03
8.5180508E+03
8.5130283E+03
8.5055039E+03
8.5062969E+03
8.5149014E+03
8.5125801E+03
8.5087529E+03
8.5060059E+03
8.5081475E+03
8.5025889E+03
8.5078438E+03
8.5154414E+03
8.5151162E+03
8.5129736E+03
8.5205732E+03
8.5189619E+03
8.5138867E+03
8.5130635E+03
8.5145967E+03
8.5075039E+03
8.5158027E+03
8.5296152E+03
8.5068184E+03
8.5185869E+03
8.5152783E+03
8.5174824E+03
8.5158369E+03
8.5218789E+03
8.5145068E+03
8.5146357E+03
8.5195684E+03
8.5143193E+03
8.5144502E+03
8.5234707E+03
NULL
8.5266455E+03
8.5244268E+03
8.5160215E+03
8.5137617E+03
8.5232051E+03
8.5223242E+03
8.5199287E+03
8.5199785E+03
8.5162402E+03
8.5289980E+03
8.5189375E+03
8.5135898E+03
8.5138730E+03
8.5257637E+03
8.5186113E+03
8.5184365E+03
8.5235078E+03
8.5310781E+03
8.5220342E+03
8.5210127E+03
8.5305732E+03
8.5268320E+03
8.5250410E+03
8.5218936E+03
8.5175898E+03
8.5229238E+03
8.5267451E+03
8.5306797E+03
8.5192783E+03
8.5289980E+03
8.5264502E+03
8.5267412E+03
8.5306973E+03
8.5338057E+03
8.5315322E+03
8.5255410E+03
8.5298047E+03
8.5325205E+03
8.5254844E+03
8.5270928E+03
8.5183057E+03
8.5316533E+03
8.5282910E+03
8.5234922E+03
8.5251328E+03
8.5225527E+03
8.5212812E+03
8.5284199E+03
8.5274375E+03
8.5266230E+03
8.5317021E+03
8.5282080E+03
8.5243799E+03
8.5261494E+03
8.5272324E+03
8.5288193E+03
8.5287881E+03
8.5311396E+03
8.5282656E+03
8.5261523E+03
8.5270674E+03
8.5234941E+03
8.5311855E+03
8.5294170E+03
8.5236875E+03
8.5305664E+03
8.5341992E+03
8.5295596E+03
8.5363682E+03
8.5235967E+03
8.5330010E+03
8.5203203E+03
8.5362852E+03
8.5223564E+03
8.5362031E+03
8.5309619E+03
8.5363564E+03
8.5345957E+03
8.5397783E+03
8.5261133E+03
8.5307441E+03
8.5322393E+03
8.5242129E+03
8.5234238E+03
8.5175352E+03
8.5201016E+03
8.5303467E+03
8.5326123E+03
8.5251865E+03
8.5351816E+03
8.5360801E+03
8.5315195E+03
8.5286074E+03
8.5246611E+03
8.5280557E+03
8.5277920E+03
8.5338154E+03
8.5216895E+03
8.5344375E+03
8.5179629E+03
8.5221045E+03
8.5172734E+03
8.5225146E+03
8.5201494E+03
8.5182646E+03
8.5135684E+03
8.5186914E+03
8.5239541E+03
8.5215117E+03
8.5204355E+03
8.5222188E+03
8.5263096E+03
8.5138105E+03
8.5209619E+03
8.5232168E+03
8.5227031E+03
8.5111143E+03
8.5123096E+03
8.5241650E+03
8.5086670E+03
8.5066221E+03
8.5200391E+03
8.5291123E+03
8.5175264E+03
8.5207510E+03
8.5153359E+03
8.5122207E+03
8.5084473E+03
8.5146025E+03
8.5162490E+03
8.5157725E+03
8.5033691E+03
8.5165332E+03
8.5042178E+03
8.5117070E+03
8.4625234E+03
8.3955527E+03
8.3865791E+03
8.4000176E+03
8.4903936E+03
8.5060117E+03
8.5138135E+03
8.5137246E+03
8.5014609E+03
8.5083516E+03
NULL
8.5038398E+03
8.5086641E+03
8.5150645E+03
8.5067627E+03
8.5115791E+03
8.5075820E+03
8.5103311E+03
8.5189590E+03
8.5099854E+03
8.5103730E+03
8.5034844E+03
8.5090830E+03
8.5020703E+03
8.5062471E+03
8.5063242E+03
8.5046494E+03
8.5039199E+03
8.5042080E+03
8.5031240E+03
8.5032861E+03
8.5048330E+03
8.5017803E+03
8.5044541E+03
8.5071133E+03
8.4997139E+03
8.4976475E+03
8.4980088E+03
8.4949375E+03
8.4992627E+03
8.4945166E+03
8.5033379E+03
8.4927617E+03
8.4968018E+03
8.4949922E+03
8.5000645E+03
8.4933184E+03
8.5088018E+03
8.4931318E+03
8.4951826E+03
8.4989414E+03
8.5031660E+03
8.4958594E+03
8.4952588E+03
8.4891279E+03
8.4937559E+03
8.4907461E+03
8.4868926E+03
NULL
8.4938408E+03
8.4971758E+03
8.4877070E+03
8.4886387E+03
8.4846406E+03
8.4932334E+03
8.4842402E+03
8.4930352E+03
8.4895215E+03
8.4882490E+03
8.4812793E+03
8.4858086E+03
8.4867139E+03
8.4840420E+03
8.4849961E+03
8.4819277E+03
8.4864785E+03
8.4842314E+03
8.4803652E+03
8.4814551E+03
8.4830654E+03
8.4848457E+03
8.4886338E+03
8.4956533E+03
8.4932363E+03
8.4752920E+03
8.4869307E+03
8.4805840E+03
8.4809209E+03
8.4815508E+03
8.4860078E+03
8.4853164E+03
8.4852930E+03
8.4855996E+03
8.4720996E+03
8.4870322E+03
8.4850713E+03
8.4798574E+03
8.4909932E+03
8.4867490E+03
8.4809678E+03
8.4776748E+03
8.4853594E+03
8.4792129E+03
8.4751172E+03
8.4816543E+03
8.4854453E+03
8.4784111E+03
8.4785791E+03
8.4804102E+03
8.4802217E+03
8.4740166E+03
8.4825898E+03
8.4914521E+03
8.4811221E+03
8.4759053E+03
8.4762930E+03
8.4665869E+03
8.4761504E+03
8.4812969E+03
8.4830859E+03
8.4735645E+03
8.4754551E+03
8.4741592E+03
8.4709883E+03
8.4774062E+03
8.4745918E+03
8.4798447E+03
8.4773203E+03
8.4835879E+03
8.4709219E+03
8.4731865E+03
8.4720801E+03
8.4772832E+03
8.4868516E+03
8.4687236E+03
8.4789717E+03
8.4735869E+03
8.4742197E+03
8.4735898E+03
8.4716309E+03
8.4734766E+03
8.4684941E+03
8.4708223E+03
8.4724248E+03
8.4746152E+03
8.4725449E+03
8.4721543E+03
8.4751855E+03
8.4655537E+03
8.4722969E+03
8.4671631E+03
8.4781846E+03
8.4670059E+03
8.4763574E+03
8.4681699E+03
8.4742041E+03
NULL
8.4717178E+03
8.4625195E+03
8.4717354E+03
8.4681182E+03
8.4623916E+03
8.4547559E+03
8.4724668E+03
8.4673105E+03
8.4662764E+03
8.4890693E+03
8.4578564E+03
8.4664893E+03
8.4684492E+03
8.4695264E+03
8.4697764E+03
8.4626152E+03
8.4672725E+03
8.4745244E+03
8.4643027E+03
8.4649971E+03
8.4668994E+03
8.4662285E+03
8.4657734E+03
8.4693555E+03
8.4783916E+03
8.4607109E+03
8.4517998E+03
8.4613594E+03
8.4698652E+03
8.4597480E+03
8.4633311E+03
8.4593457E+03
8.4703262E+03
8.4676260E+03
8.4575908E+03
8.4567754E+03
8.4554639E+03
8.4638721E+03
8.4611777E+03
8.4606191E+03
8.4594229E+03
8.4563965E+03
8.4671318E+03
8.4657686E+03
8.4629111E+03
8.4657539E+03
8.4654307E+03
8.4695879E+03
8.4650117E+03
8.4619717E+03
8.4625352E+03
8.4571230E+03
8.4532646E+03
8.4603066E+03
8.4703838E+03
8.4506104E+03
8.4651123E+03
8.4524746E+03
8.4589629E+03
8.4597676E+03
8.4576611E+03
8.4633428E+03
8.4537832E+03
8.4499209E+03
8.4595537E+03
8.4599688E+03
8.4535947E+03
8.4551543E+03
8.4577090E+03
8.4634229E+03
8.4625547E+03
8.4557090E+03
8.4478691E+03
8.4616143E+03
8.4571631E+03
8.4633848E+03
8.4662002E+03
NULL
NULL
NULL
NULL
NULL
NULL
NULL
NULL
NULL
NULL
NULL
NULL
NULL
NULL
NULL
NULL
NULL
NULL
NULL
NULL
NULL
NULL
NULL
NULL
NULL
NULL
NULL
NULL
NULL
NULL
NULL
NULL
NULL
NULL
NULL
NULL
NULL
NULL
NULL
NULL
NULL
NULL
NULL
NULL
NULL
NULL
NULL
NULL
NULL
NULL
NULL
NULL
NULL
NULL
NULL
NULL
NULL
NULL
NULL
NULL
NULL
NULL
NULL
NULL
NULL
NULL
NULL
NULL
NULL
NULL
NULL
NULL
NULL
NULL
NULL
NULL
NULL
NULL
NULL
NULL
NULL
NULL
NULL
NULL
NULL
NULL
NULL
NULL
NULL
NULL
NULL
NULL
NULL
NULL
NULL
NULL
NULL
NULL
NULL
NULL
NULL
NULL
NULL
NULL
NULL
NULL
NULL
NULL
NULL
NULL
NULL
NULL
NULL
NULL
NULL
NULL
NULL
NULL
NULL
NULL
NULL
NULL
NULL
NULL
NULL
NULL
NULL
NULL
NULL
NULL
NULL
NULL
NULL
NULL
NULL
NULL
NULL
NULL
NULL
NULL
NULL
NULL
NULL
NULL
NULL
NULL
NULL
NULL
NULL
NULL
NULL
NULL
NULL
NULL
NULL
NULL
NULL
NULL
NULL
NULL
NULL
NULL
NULL
NULL
NULL
NULL
NULL
NULL
NULL
NULL
NULL
NULL
NULL
NULL
NULL
NULL
NULL
NULL
NULL
NULL
NULL
NULL
NULL
NULL
NULL
NULL
NULL
NULL
NULL
NULL
NULL
NULL
NULL
NULL
8.3799043E+03
8.3723818E+03
8.3855020E+03
8.3835615E+03
8.3781055E+03
8.3795312E+03
8.3810908E+03
8.3080352E+03
8.2499355E+03
8.2465107E+03
8.2762090E+03
8.3721709E+03
8.3898535E+03
8.3715000E+03
8.3865146E+03
8.3810469E+03
8.3839043E+03
8.3822578E+03
8.3701963E+03
8.3719873E+03
8.3787471E+03
8.3794639E+03
8.3774619E+03
8.3693516E+03
8.3731279E+03
8.3770674E+03
8.3762354E+03
8.3710957E+03
8.3748955E+03
8.3737490E+03
8.3765469E+03
8.3788184E+03
8.3740889E+03
8.3708428E+03
8.3787139E+03
8.3691152E+03
8.3765723E+03
8.3764209E+03
8.3779619E+03
8.3811143E+03
8.3761113E+03
8.3727012E+03
8.3742549E+03
8.3726758E+03
8.3744854E+03
8.3813545E+03
8.3734658E+03
8.3811367E+03
8.3757520E+03
8.3854102E+03
8.3800283E+03
8.3867256E+03
8.3911611E+03
8.3788115E+03
8.3810703E+03
8.3907402E+03
8.3794902E+03
8.3843447E+03
8.3842354E+03
8.3808037E+03
8.3842910E+03
8.3735488E+03
8.3845293E+03
8.3871807E+03
8.3850557E+03
8.3863320E+03
8.3792227E+03
NULL
8.3786992E+03
8.3828330E+03
8.3898320E+03
8.3855039E+03
8.3888623E+03
8.3923369E+03
8.3790215E+03
8.3822080E+03
8.3884189E+03
8.3902510E+03
8.3988604E+03
8.3898613E+03
8.3817881E+03
8.3906299E+03
8.3890039E+03
8.4034951E+03
8.3920605E+03
8.3832383E+03
NULL
8.3907412E+03
8.3923594E+03
8.3981953E+03
8.3939561E+03
8.3936826E+03
8.3917266E+03
8.4009883E+03
8.3939492E+03
8.3934395E+03
8.4071367E+03
8.3916064E+03
8.3892539E+03
8.4013203E+03
8.3915566E+03
8.3971387E+03
8.4053965E+03
8.3974541E+03
8.3946445E+03
8.3895400E+03
8.4006807E+03
8.3983809E+03
8.3940322E+03
8.3925908E+03
8.4035186E+03
8.3984092E+03
8.4061416E+03
8.3997666E+03
8.4017334E+03
8.4035146E+03
8.3935713E+03
8.3999414E+03
8.3965332E+03
8.4126162E+03
8.4009678E+03
8.3889590E+03
8.3911660E+03
8.4057285E+03
8.3963818E+03
8.3990410E+03
8.3989951E+03
8.4074727E+03
8.4051289E+03
8.4038730E+03
8.3957744E+03
8.3962285E+03
8.3953057E+03
8.4014639E+03
8.3996963E+03
8.4032637E+03
8.4096484E+03
8.3976396E+03
8.4019229E+03
8.4035938E+03
8.4040635E+03
8.4026055E+03
8.3948740E+03
8.4077705E+03
8.4074648E+03
8.4025781E+03
8.3937646E+03
8.3931143E+03
8.4048271E+03
8.4080615E+03
8.4038320E+03
8.3945693E+03
8.4102598E+03
8.4063652E+03
8.4072607E+03
8.4008633E+03
8.4010635E+03
8.4083164E+03
8.4042461E+03
8.4025068E+03
8.3995020E+03
8.4178994E+03
8.4105938E+03
8.4035801E+03
8.3990557E+03
8.4098369E+03
8.4078506E+03
8.4089893E+03
8.4097598E+03
8.4013311E+03
8.4088037E+03
8.4084385E+03
8.4062148E+03
8.4121973E+03
8.4120703E+03
8.4080127E+03
8.4057598E+03
8.4033018E+03
8.4115264E+03
8.4129219E+03
8.3957295E+03
8.4101709E+03
8.4141006E+03
NULL
8.4073525E+03
8.4095986E+03
8.4031279E+03
8.4037432E+03
8.4085400E+03
8.4109336E+03
8.4066543E+03
8.4042793E+03
8.4080840E+03
8.4031953E+03
8.4130449E+03
8.4050566E+03
8.4044746E+03
8.4045107E+03
8.4054111E+03
8.4066992E+03
8.4162158E+03
8.4081191E+03
8.4107998E+03
8.4177969E+03
8.4036914E+03
8.4206416E+03
8.4073613E+03
8.4122842E+03
8.4089678E+03
8.4129102E+03
8.4065127E+03
8.4059902E+03
8.4212314E+03
NULL
8.4150605E+03
8.4166035E+03
8.4137324E+03
8.4141758E+03
8.4100850E+03
8.4176309E+03
8.4144082E+03
8.4141064E+03
8.4137266E+03
8.4058340E+03
8.4125488E+03
8.4208594E+03
8.4223389E+03
8.4138125E+03
8.4165840E+03
8.4132246E+03
8.4148545E+03
8.4076475E+03
8.4191006E+03
8.4167354E+03
8.4127822E+03
8.4196914E+03
8.4195781E+03
8.4121689E+03
8.4180137E+03
8.4193008E+03
8.4146562E+03
8.4173164E+03
8.4193145E+03
8.4222979E+03
8.4192041E+03
8.4209150E+03
8.4127266E+03
8.4202764E+03
8.4178359E+03
8.4159922E+03
8.4203105E+03
8.4086543E+03
8.4127930E+03
8.4268438E+03
8.4252227E+03
8.4152373E+03
8.4079707E+03
8.4190664E+03
8.4157100E+03
8.4215361E+03
8.4119727E+03
8.4188516E+03
8.4177988E+03
8.4142803E+03
8.4207031E+03
8.4120586E+03
8.4208906E+03
8.4171006E+03
8.4239404E+03
8.4158838E+03
8.4123604E+03
8.4152656E+03
8.4243740E+03
8.4209766E+03
8.4161660E+03
8.4127891E+03
8.4115254E+03
8.4181865E+03
8.4171885E+03
8.4182100E+03
8.4210527E+03
8.4160400E+03
8.4145273E+03
8.4198359E+03
8.4172627E+03
8.4175303E+03
8.4122100E+03
8.4182998E+03
8.4225166E+03
8.4214473E+03
8.4134229E+03
8.4167500E+03
8.4222080E+03
8.4175098E+03
8.4196699E+03
8.4213945E+03
8.4149062E+03
8.4132139E+03
8.4180723E+03
8.4165420E+03
8.4161826E+03
8.4145586E+03
8.4130527E+03
8.4119775E+03
8.4159785E+03
8.4056289E+03
8.4117100E+03
8.4123662E+03
8.4144805E+03
8.4175332E+03
8.4142803E+03
8.4198975E+03
8.4154941E+03
8.4164307E+03
8.4206904E+03
8.4112900E+03
8.4077402E+03
8.4084141E+03
8.4201152E+03
8.4152998E+03
8.4068262E+03
8.4131143E+03
8.4147461E+03
8.4134141E+03
8.4087734E+03
8.4113076E+03
8.4142041E+03
8.4083447E+03
8.4110879E+03
8.4125225E+03
8.4103408E+03
8.4098291E+03
8.4200859E+03
8.4119561E+03
8.4086201E+03
8.4104336E+03
8.4050342E+03
8.4072246E+03
8.4200654E+03
8.4083623E+03
8.4092490E+03
8.4128662E+03
8.4145449E+03
8.4110742E+03
8.4089033E+03
8.4107217E+03
8.4100898E+03
8.4090371E+03
8.4101035E+03
8.4096758E+03
8.4143320E+03
8.4068496E+03
8.4083350E+03
8.4241396E+03
8.4029443E+03
8.4079668E+03
8.4076807E+03
8.4164590E+03
8.4184160E+03
NULL
8.4116045E+03
8.4093867E+03
8.4090508E+03
8.4105898E+03
8.4038682E+03
8.4207363E+03
8.4114863E+03
8.4062666E+03
8.4077256E+03
8.4046025E+03
8.4106191E+03
8.4075859E+03
8.4062900E+03
8.4114473E+03
8.4155732E+03
8.4138662E+03
8.4261006E+03
8.4341289E+03
8.4145420E+03
8.4173340E+03
8.4206289E+03
8.4173428E+03
8.4138848E+03
8.4171094E+03
8.4076338E+03
8.4125078E+03
8.4119004E+03
8.4163447E+03
8.4141416E+03
8.4124658E+03
8.4150840E+03
8.4116602E+03
8.4164727E+03
8.4167490E+03
8.4150498E+03
8.4146230E+03
8.4195820E+03
8.4188418E+03
8.4182461E+03
8.4115342E+03
8.4081621E+03
8.4168164E+03
8.4120869E+03
8.4193008E+03
8.4127832E+03
8.4055068E+03
8.4202520E+03
8.4082598E+03
8.4214346E+03
8.4128916E+03
8.4107285E+03
8.4120439E+03
8.4209873E+03
8.4165293E+03
8.4137246E+03
8.4151445E+03
8.4228164E+03
8.4115400E+03
8.4099424E+03
8.4294004E+03
8.4207666E+03
8.4197754E+03
8.4130117E+03
8.4164121E+03
8.4123389E+03
8.4131768E+03
8.4127705E+03
8.4024248E+03
8.4130664E+03
8.4178291E+03
8.4257109E+03
8.4267129E+03
8.4149688E+03
8.4137676E+03
8.4137725E+03
8.4170107E+03
8.4096045E+03
8.4165322E+03
8.4157559E+03
8.4032637E+03
8.4075986E+03
8.4109736E+03
8.3104434E+03
8.2835283E+03
8.2883877E+03
8.3324229E+03
8.4138330E+03
8.4059395E+03
8.4030557E+03
8.4107256E+03
8.4094453E+03
8.4135645E+03
8.4066455E+03
8.4104854E+03
8.4109658E+03
8.4061650E+03
8.4050635E+03
8.4176904E+03
8.4001357E+03
8.4102051E+03
8.4040303E+03
8.4049980E+03
8.4110811E+03
8.4063467E+03
8.4141230E+03
8.4040459E+03
8.4081982E+03
8.4089492E+03
8.4122393E+03
8.4014756E+03
8.4111436E+03
8.4037422E+03
8.4144443E+03
8.4066846E+03
8.3995293E+03
8.4022725E+03
8.4133721E+03
8.4092021E+03
8.4059385E+03
8.4089424E+03
8.4044395E+03
8.4015869E+03
8.4017363E+03
8.4081689E+03
8.4009150E+03
8.3986279E+03
8.4066514E+03
8.4000615E+03
8.4106816E+03
8.4144932E+03
8.4154170E+03
8.3990566E+03
8.4009268E+03
8.4024209E+03
8.4076816E+03
8.4054600E+03
8.4005195E+03
8.4009150E+03
8.4081758E+03
8.4046338E+03
8.4044443E+03
8.3995996E+03
8.4000283E+03
8.4073115E+03
8.3938945E+03
NULL
8.4063086E+03
8.3978662E+03
8.3968154E+03
8.3963154E+03
8.3969375E+03
8.4058164E+03
8.3870908E+03
8.3961006E+03
8.3945225E+03
8.3908076E+03
8.3934424E+03
8.3958203E+03
8.3844014E+03
8.3866562E+03
8.3941484E+03
8.3883457E+03
8.3910176E+03
8.3981533E+03
8.3974199E+03
8.3931514E+03
8.3868301E+03
8.3847686E+03
8.3877578E+03
8.3821260E+03
8.3878545E+03
8.3946279E+03
8.3805977E+03
8.3851270E+03
8.3767285E+03
8.3861963E+03
8.3852568E+03
8.3838203E+03
8.3787002E+03
8.3855938E+03
8.3898340E+03
8.3854570E+03
8.3870898E+03
8.3702451E+03
8.3823594E+03
8.3791113E+03
8.3735088E+03
8.3895322E+03
8.3857178E+03
8.3881025E+03
8.3820557E+03
8.3748770E+03
8.3718848E+03
8.3697178E+03
NULL
8.3671133E+03
8.3821240E+03
8.3679746E+03
8.3748838E+03
8.3853271E+03
8.3786230E+03
8.3762051E+03
8.3737451E+03
8.3783994E+03
8.3726133E+03
8.3767812E+03
8.3728643E+03
8.3717852E+03
8.3811797E+03
8.3764854E+03
8.3683613E+03
8.3706357E+03
8.3705420E+03
8.3683320E+03
8.3735244E+03
8.3684492E+03
8.3649629E+03
8.3634365E+03
8.3627646E+03
8.3650488E+03
8.3711436E+03
8.3653096E+03
8.3695156E+03
8.3675986E+03
8.3749053E+03
8.3625049E+03
8.3627158E+03
8.3588545E+03
8.3686865E+03
8.3549902E+03
8.3660088E+03
8.3633398E+03
8.3642471E+03
8.3582266E+03
8.3582695E+03
8.3580488E+03
8.3628213E+03
8.3561738E+03
8.3662227E+03
8.3553359E+03
8.3664365E+03
8.3576816E+03
8.3648008E+03
8.3631133E+03
8.3580322E+03
8.3559697E+03
8.3531523E+03
8.3565586E+03
NULL
NULL
NULL
8.3606562E+03
8.3437207E+03
8.3599443E+03
8.3513135E+03
8.3556045E+03
8.3589639E+03
8.3511592E+03
8.3568623E+03
8.3513008E+03
8.3549365E+03
8.3462461E+03
8.3485928E+03
8.3494102E+03
8.3417783E+03
8.3485312E+03
8.3469766E+03
8.3493887E+03
8.3479082E+03
8.3523809E+03
8.3450615E+03
8.3442598E+03
8.3468779E+03
8.3561533E+03
8.3480898E+03
8.3491768E+03
8.3489541E+03
8.3467861E+03
8.3430059E+03
8.3409814E+03
8.3430352E+03
8.3361455E+03
8.3519707E+03
8.3489736E+03
8.3364287E+03
8.3486631E+03
8.3369375E+03
8.3356201E+03
8.3391123E+03
8.3361289E+03
8.3419238E+03
8.3435381E+03
8.3412607E+03
8.3442178E+03
8.3379482E+03
8.3450771E+03
8.3381250E+03
8.3346621E+03
8.3397422E+03
8.3421963E+03
8.3377227E+03
8.3355781E+03
8.3363818E+03
8.3376191E+03
8.3387676E+03
8.3314814E+03
8.3324355E+03
8.3385967E+03
8.3375732E+03
8.3370771E+03
8.3506250E+03
8.3384795E+03
8.3355605E+03
8.3285264E+03
8.3365947E+03
8.3409824E+03
8.3332656E+03
8.3344805E+03
8.3330781E+03
8.3620420E+03
8.3327314E+03
8.3357793E+03
NULL
8.3362988E+03
8.3365723E+03
8.3307549E+03
8.3349209E+03
8.3382305E+03
8.3328828E+03
8.3371221E+03
8.3290889E+03
8.3382998E+03
8.3246680E+03
8.3303184E+03
8.3265869E+03
8.3401055E+03
8.3321318E+03
8.3322266E+03
8.3288281E+03
8.3372139E+03
NULL
8.3374199E+03
8.3285596E+03
8.3319707E+03
8.3387734E+03
8.3308359E+03
8.3343369E+03
8.3330498E+03
8.3280225E+03
8.3258789E+03
8.3343115E+03
8.3407803E+03
8.3288740E+03
8.3322998E+03
8.3266553E+03
8.3320996E+03
8.3338955E+03
8.3335928E+03
8.3374600E+03
8.3319219E+03
8.3285938E+03
8.3345029E+03
8.3321113E+03
8.3297354E+03
8.3367607E+03
8.3313711E+03
8.3390049E+03
8.3325527E+03
8.3349141E+03
8.3307852E+03
8.3276748E+03
8.3347920E+03
8.3318672E+03
8.3309004E+03
8.3341670E+03
8.3327178E+03
8.3359434E+03
8.3298350E+03
8.3352861E+03
8.3331172E+03
8.3299893E+03
8.3346143E+03
8.3551514E+03
8.3367402E+03
8.3393555E+03
8.3395898E+03
8.3372285E+03
8.3371426E+03
8.3416836E+03
8.3360078E+03
8.3408428E+03
8.3411758E+03
8.3449014E+03
8.3310742E+03
8.3344492E+03
8.3332305E+03
8.3378564E+03
8.3431104E+03
8.3446133E+03
8.3522734E+03
8.3463594E+03
8.3389766E+03
8.3378652E+03
8.3414453E+03
8.3478320E+03
8.3433848E+03
8.3373408E+03
8.3432246E+03
8.3425371E+03
8.3397070E+03
8.3424863E+03
8.3480469E+03
8.3435127E+03
8.3443291E+03
8.3432188E+03
8.3415137E+03
8.3472344E+03
8.3380156E+03
8.3422217E+03
8.3414307E+03
8.3509043E+03
8.3475508E+03
8.3371592E+03
8.3481826E+03
8.3454961E+03
8.3474541E+03
8.3379736E+03
8.3426729E+03
8.3380586E+03
8.3411436E+03
8.3489863E+03
8.3393223E+03
8.3486484E+03
8.3402578E+03
8.3406904E+03
8.3443486E+03
8.3484463E+03
8.3585137E+03
8.3511230E+03
8.3427715E+03
8.3436904E+03
8.3418613E+03
8.3497324E+03
8.3382080E+03
8.3413955E+03
8.3446572E+03
8.3470293E+03
8.3522930E+03
8.3487900E+03
8.3428740E+03
8.3550410E+03
8.3376318E+03
8.3380674E+03
8.3414688E+03
8.3397305E+03
8.3392715E+03
8.3499453E+03
8.3501709E+03
8.3494062E+03
8.3450371E+03
8.3435703E+03
8.3462070E+03
8.3460830E+03
8.3498027E+03
8.3508242E+03
8.3480918E+03
8.3417920E+03
8.3440283E+03
8.3433457E+03
8.3480410E+03
8.3412236E+03
8.3435479E+03
8.3463711E+03
8.3466338E+03
8.3536768E+03
8.3474404E+03
8.3399580E+03
8.3435596E+03
8.3468877E+03
8.3470781E+03
8.3551162E+03
8.3408154E+03
8.3435762E+03
8.3378389E+03
8.3439316E+03
8.3397363E+03
NULL
8.3411611E+03
8.3447920E+03
8.3413770E+03
8.3448633E+03
8.3419248E+03
8.3437109E+03
8.3440859E+03
8.3445498E+03
8.3447832E+03
8.3424238E+03
8.3493936E+03
8.3437441E+03
8.3430957E+03
8.3392070E+03
8.3426514E+03
8.3494600E+03
8.3388203E+03
8.3391543E+03
8.3382666E+03
8.3462520E+03
8.3498984E+03
8.3422568E+03
8.3456914E+03
8.3428369E+03
8.3492422E+03
8.3487373E+03
8.3462725E+03
8.3487920E+03
8.3390137E+03
8.3306562E+03
8.2407393E+03
8.2089062E+03
8.2240088E+03
8.2896553E+03
8.3435439E+03
8.3421592E+03
8.3364053E+03
8.3481982E+03
8.3442334E+03
8.3392676E+03
8.3369258E+03
8.3494873E+03
8.3425781E+03
8.3395830E+03
8.3448271E+03
8.3462168E+03
8.3416328E+03
8.3430605E+03
8.3473369E+03
8.3501055E+03
8.3386006E+03
8.3439961E+03
8.3477529E+03
8.3443633E+03
8.3380664E+03
8.3486758E+03
8.3368896E+03
8.3434590E+03
8.3496230E+03
8.3467617E+03
8.3405312E+03
8.3349688E+03
8.3372471E+03
8.3412490E+03
8.3495488E+03
8.3481152E+03
8.3420488E+03
8.3428975E+03
8.3394600E+03
8.3398447E+03
8.3437510E+03
8.3345039E+03
8.3356914E+03
8.3359590E+03
8.3359443E+03
8.3357031E+03
8.3418018E+03
8.3386396E+03
8.3399346E+03
8.3481357E+03
8.3353809E+03
8.3400283E+03
8.3440615E+03
8.3429189E+03
8.3361250E+03
8.3488662E+03
8.3412988E+03
8.3387822E+03
8.3410117E+03
8.3324414E+03
8.3444248E+03
8.3387080E+03
8.3410508E+03
8.3419736E+03
8.3366484E+03
8.3424463E+03
8.3445391E+03
8.3397207E+03
8.3380391E+03
8.3375146E+03
8.3338975E+03
8.3403906E+03
8.3419473E+03
8.3335879E+03
8.3360811E+03
8.3403125E+03
8.3396230E+03
8.3404512E+03
8.3425859E+03
8.3345459E+03
8.3435596E+03
8.3377422E+03
8.3384512E+03
8.3381455E+03
8.3390098E+03
8.3341104E+03
8.3365615E+03
8.3368945E+03
8.3415068E+03
8.3392402E+03
8.3295918E+03
8.3392285E+03
8.3421768E+03
8.3350020E+03
8.3336318E+03
8.3393506E+03
8.3427031E+03
8.3381133E+03
8.3390508E+03
8.3494307E+03
8.3419297E+03
8.3461211E+03
8.3353027E+03
8.3369424E+03
8.3387842E+03
8.3400801E+03
8.3324326E+03
8.3383037E+03
8.3416963E+03
8.3350117E+03
8.3383496E+03
8.3288311E+03
8.3329014E+03
8.3320723E+03
8.3309326E+03
NULL
8.3373105E+03
8.3369854E+03
8.3393203E+03
8.3344131E+03
8.3358740E+03
8.3375225E+03
8.3318096E+03
8.3351572E+03
8.3317236E+03
8.3315117E+03
8.3295693E+03
8.3334365E+03
8.3386367E+03
8.3403252E+03
8.3399473E+03
8.3385234E+03
8.3444951E+03
8.3361475E+03
8.3348848E+03
8.3419727E+03
8.3500303E+03
8.3399580E+03
8.3430010E+03
8.3423262E+03
8.3345625E+03
8.3334902E+03
8.3325293E+03
8.3355020E+03
8.3371201E+03
8.3407373E+03
8.3471211E+03
8.3302021E+03
8.3363887E+03
8.3448506E+03
8.3438545E+03
8.3444463E+03
8.3342920E+03
8.3410576E+03
8.3486895E+03
8.3440850E+03
8.3411416E+03
8.3321748E+03
8.3398711E+03
8.3380166E+03
8.3401250E+03
8.3402070E+03
8.3374502E+03
8.3397871E+03
8.3432471E+03
8.3430791E+03
8.3477793E+03
8.3385576E+03
8.3410234E+03
8.3446426E+03
8.3486582E+03
8.3342119E+03
8.3404043E+03
8.3390908E+03
8.3403682E+03
8.3458076E+03
8.3453389E+03
8.3325264E+03
8.3352031E+03
8.3360723E+03
8.3414473E+03
8.3398232E+03
8.3401289E+03
8.3332314E+03
8.3398721E+03
8.3397695E+03
8.3368105E+03
8.3393887E+03
8.3408848E+03
8.3469834E+03
8.3416465E+03
8.3425713E+03
8.3421367E+03
8.3371484E+03
8.3422852E+03
8.3431035E+03
8.3362637E+03
8.3375840E+03
8.3366826E+03
8.3441328E+03
8.3371650E+03
8.3387139E+03
8.3379453E+03
8.3422256E+03
8.3428857E+03
8.3387188E+03
8.3386260E+03
8.3364580E+03
8.3370967E+03
8.3434268E+03
8.3453027E+03
8.3475020E+03
8.3335615E+03
8.3410820E+03
8.3401289E+03
8.3422002E+03
8.3401533E+03
8.3404307E+03
8.3430967E+03
8.3386250E+03
8.3414346E+03
8.3460225E+03
8.3321816E+03
8.3431104E+03
8.3357139E+03
8.3427461E+03
8.3329893E+03
8.3477598E+03
8.3345342E+03
8.3445176E+03
8.3439180E+03
8.3400840E+03
8.3413457E+03
8.3485049E+03
8.3367168E+03
8.3378125E+03
8.3335928E+03
8.3427822E+03
8.3488076E+03
8.3429121E+03
8.3384121E+03
8.3387119E+03
8.3463311E+03
8.3396045E+03
8.3398662E+03
8.3488379E+03
8.3379531E+03
8.3369922E+03
8.3454014E+03
8.3473145E+03
8.3472314E+03
8.3372656E+03
8.3350137E+03
8.3446309E+03
8.3474121E+03
8.3379307E+03
8.3461279E+03
8.3364668E+03
8.3406094E+03
8.3516045E+03
8.3502197E+03
NULL
8.3396094E+03
8.3458418E+03
8.3387646E+03
8.3428975E+03
8.3502881E+03
8.3456309E+03
8.3490186E+03
8.3472119E+03
8.3473174E+03
8.3511084E+03
8.3447627E+03
8.3472520E+03
8.3485000E+03
8.3508701E+03
8.3444121E+03
8.3535547E+03
8.3477119E+03
8.3436436E+03
8.3462549E+03
8.3483418E+03
8.3534238E+03
8.3393145E+03
8.3502100E+03
8.3449189E+03
8.3512393E+03
8.3537246E+03
8.3489521E+03
8.3489600E+03
8.3423535E+03
8.3480029E+03
8.3450811E+03
8.3495332E+03
8.3478682E+03
8.3454102E+03
8.3459971E+03
8.3548643E+03
8.3510049E+03
8.3463633E+03
8.3509961E+03
8.3559160E+03
8.3567354E+03
8.3442646E+03
8.3637871E+03
8.3546973E+03
8.3627422E+03
8.3561094E+03
8.3633164E+03
8.3640020E+03
8.3492490E+03
8.3562285E+03
8.3508564E+03
8.3543965E+03
8.3524492E+03
8.3561582E+03
8.3465410E+03
8.3530244E+03
8.3587852E+03
8.3517793E+03
8.3618008E+03
8.3576982E+03
8.3580312E+03
8.3603848E+03
8.3550039E+03
8.3626680E+03
8.3540127E+03
8.3589883E+03
8.3596816E+03
8.3595713E+03
8.3661689E+03
8.3664365E+03
8.3573154E+03
8.3520986E+03
8.3567979E+03
8.3559717E+03
8.3581885E+03
8.3581816E+03
8.3632080E+03
8.3595420E+03
8.3542773E+03
8.3723271E+03
8.3649482E+03
8.3650762E+03
8.3582354E+03
8.3588301E+03
8.3609785E+03
8.3631816E+03
8.3594355E+03
8.3667393E+03
8.3769844E+03
8.3598486E+03
8.3619697E+03
8.3601338E+03
8.3691934E+03
8.3780186E+03
8.3557227E+03
8.3669795E+03
8.3671416E+03
8.3632686E+03
8.3653291E+03
8.3654863E+03
8.3677871E+03
8.3664492E+03
8.3642148E+03
8.3672139E+03
8.3702324E+03
8.3633818E+03
8.3687412E+03
8.3689756E+03
8.3653008E+03
8.3657197E+03
8.3665439E+03
8.3652910E+03
8.3838008E+03
8.3633252E+03
8.3662637E+03
8.3675068E+03
8.3742998E+03
8.3762500E+03
8.3643623E+03
8.3674707E+03
8.3727422E+03
8.3677695E+03
8.3776553E+03
8.3642686E+03
8.3737578E+03
8.3674355E+03
8.3688809E+03
8.3670029E+03
8.3677109E+03
8.3749170E+03
8.3693340E+03
8.3772539E+03
8.3742705E+03
8.3782979E+03
8.3693135E+03
8.3668926E+03
8.3635059E+03
8.3797393E+03
8.3654102E+03
8.3701006E+03
8.3796650E+03
8.3609365E+03
8.3766191E+03
8.3791729E+03
8.3701016E+03
NULL
8.3750781E+03
8.3725371E+03
8.3760439E+03
8.3664824E+03
8.3770332E+03
8.3697881E+03
8.3739688E+03
8.3775244E+03
8.3655752E+03
8.3719756E+03
8.3683037E+03
8.3736963E+03
8.3696455E+03
8.3712861E+03
8.3681348E+03
8.3779395E+03
8.3733320E+03
8.3660732E+03
8.3658350E+03
8.3784531E+03
8.3737217E+03
8.3822461E+03
8.3757695E+03
8.3680615E+03
8.3642949E+03
8.3687236E+03
8.3435293E+03
8.2534443E+03
8.2415664E+03
8.2506230E+03
8.3374814E+03
8.3658662E+03
8.3699316E+03
8.3691094E+03
8.3697441E+03
8.3805801E+03
8.3704189E+03
8.3681191E+03
8.3799639E+03
8.3705225E+03
8.3767432E+03
8.3705186E+03
8.3709531E+03
8.3686123E+03
8.3752695E+03
8.3719629E+03
8.3682891E+03
8.3685195E+03
8.3706436E+03
8.3703936E+03
8.3677344E+03
8.3685625E+03
8.3664609E+03
8.3734971E+03
8.3670352E+03
8.3726709E+03
8.3766113E+03
8.3747402E+03
8.3688135E+03
8.3668672E+03
8.3735029E+03
8.3863896E+03
8.3763086E+03
8.3670166E+03
8.3675615E+03
8.3678311E+03
8.3752100E+03
8.3662568E+03
8.3663350E+03
8.3624570E+03
8.3765000E+03
8.3645234E+03
8.3653574E+03
8.3645342E+03
8.3660127E+03
8.3706309E+03
8.3633008E+03
8.3720518E+03
8.3636768E+03
8.3653945E+03
8.3647002E+03
8.3711826E+03
8.3647666E+03
8.3743809E+03
8.3621025E+03
8.3719883E+03
8.3595156E+03
8.3760381E+03
8.3660342E+03
8.3693652E+03
8.3667900E+03
8.3712637E+03
8.3623398E+03
8.3685723E+03
8.3686289E+03
8.3687295E+03
8.3666426E+03
8.3576201E+03
8.3662637E+03
8.3640518E+03
8.3605596E+03
8.3628301E+03
8.3631719E+03
8.3754492E+03
8.3629395E+03
8.3624121E+03
8.3693184E+03
8.3584639E+03
8.3676748E+03
8.3589863E+03
8.3526602E+03
8.3605195E+03
8.3562402E+03
8.3555420E+03
8.3474482E+03
8.3522500E+03
8.3564805E+03
8.3596338E+03
8.3546631E+03
8.3540693E+03
8.3456279E+03
8.3480156E+03
8.3558174E+03
8.3531973E+03
8.3453672E+03
8.3476797E+03
8.3441191E+03
8.3505781E+03
8.3528867E+03
8.3564854E+03
8.3556602E+03
8.3524512E+03
8.3576953E+03
8.3578564E+03
8.3525508E+03
8.3413906E+03
8.3488643E+03
8.3501572E+03
8.3425479E+03
8.3445391E+03
8.3678184E+03
8.3483350E+03
8.3381445E+03
8.3428408E+03
8.3470029E+03
NULL
8.3353242E+03
8.3420186E+03
8.3415205E+03
8.3398242E+03
8.3375840E+03
8.3402686E+03
8.3388057E+03
8.3383086E+03
8.3327324E+03
8.3291152E+03
8.3390742E+03
8.3347959E+03
8.3302070E+03
8.3362285E+03
8.3366875E+03
8.3324922E+03
8.3372197E+03
8.3348721E+03
8.3371006E+03
8.3267061E+03
8.3366279E+03
8.3350557E+03
8.3419648E+03
8.3414619E+03
8.3383945E+03
8.3295869E+03
8.3281533E+03
8.3334639E+03
8.3329229E+03
8.3234844E+03
8.3239336E+03
8.3158691E+03
8.3197412E+03
8.3184033E+03
8.3291279E+03
8.3180137E+03
8.3248047E+03
8.3198457E+03
8.3119004E+03
8.3182959E+03
8.3127969E+03
8.3251289E+03
8.3203779E+03
8.3153574E+03
8.3170117E+03
8.3320576E+03
8.3208203E+03
8.3087393E+03
8.3124609E+03
8.3100225E+03
8.3121885E+03
8.3064521E+03
8.3133193E+03
8.3095732E+03
8.3070430E+03
8.3112480E+03
8.3155635E+03
8.3018740E+03
8.3144844E+03
8.3029873E+03
8.3034521E+03
8.3057520E+03
8.3011348E+03
8.3075117E+03
8.3042773E+03
8.3054502E+03
8.3047393E+03
8.3044092E+03
8.3015039E+03
8.2994775E+03
8.2995850E+03
8.2941738E+03
8.3009062E+03
8.2978594E+03
8.2947607E+03
8.2899092E+03
8.2928203E+03
8.2935811E+03
8.2843037E+03
8.2900498E+03
8.2948584E+03
8.2933701E+03
8.2951084E+03
8.2916445E+03
8.2940137E+03
8.2820703E+03
8.2884482E+03
8.2852842E+03
8.2844932E+03
8.2790137E+03
8.2857861E+03
8.2926064E+03
8.2793281E+03
8.2892207E+03
8.2775186E+03
8.2799785E+03
8.2771367E+03
8.2774102E+03
8.2769189E+03
8.2794863E+03
8.2775127E+03
8.2796514E+03
8.2719150E+03
8.2704082E+03
8.2728271E+03
8.2710850E+03
8.2760771E+03
8.2741582E+03
8.2742959E+03
8.2693477E+03
8.2716689E+03
8.2723760E+03
8.2652021E+03
8.2624463E+03
8.2695176E+03
8.2752988E+03
8.2709971E+03
8.2644502E+03
8.2718203E+03
8.2638535E+03
8.2783008E+03
8.2582695E+03
8.2673232E+03
8.2662012E+03
8.2622383E+03
8.2616797E+03
8.2655957E+03
8.2627988E+03
8.2563975E+03
8.2652168E+03
8.2565781E+03
8.2646309E+03
8.2682119E+03
8.2555850E+03
8.2577754E+03
8.2684482E+03
8.2541914E+03
8.2580430E+03
8.2599473E+03
8.2536807E+03
8.2674922E+03
8.2527969E+03
8.2512959E+03
8.2549434E+03
8.2612734E+03
NULL
8.2525762E+03
8.2512139E+03
8.2441885E+03
8.2569365E+03
8.2487002E+03
8.2527891E+03
8.2480586E+03
8.2514209E+03
8.2495918E+03
8.2494219E+03
8.2486318E+03
8.2468994E+03
8.2449150E+03
8.2503252E+03
8.2413477E+03
8.2533164E+03
8.2368584E+03
8.2458750E+03
8.2429561E+03
8.2428311E+03
8.2500137E+03
8.2421494E+03
8.2436738E+03
8.2438477E+03
8.2393184E+03
8.2432793E+03
8.2350811E+03
8.2415479E+03
8.2434121E+03
8.2361865E+03
8.2340615E+03
8.2316074E+03
8.2457773E+03
8.2339160E+03
8.2384150E+03
8.2423115E+03
8.2339160E+03
8.2311621E+03
8.2429678E+03
8.2314746E+03
8.2408086E+03
8.2397227E+03
8.2348477E+03
8.2417861E+03
8.2270059E+03
8.2268057E+03
8.2432627E+03
8.2477178E+03
8.2378789E+03
8.2408818E+03
8.2350859E+03
8.2329102E+03
8.2327998E+03
8.2286016E+03
8.2322070E+03
8.2322500E+03
8.2415400E+03
8.2328916E+03
8.2291689E+03
8.2272285E+03
8.2340664E+03
8.2268965E+03
8.2223721E+03
8.2269844E+03
8.2357490E+03
8.2334678E+03
8.2269863E+03
8.2337471E+03
8.2291328E+03
8.2320059E+03
8.2308174E+03
8.2296270E+03
8.2269971E+03
8.2271650E+03
8.2279639E+03
8.2209941E+03
8.2173164E+03
8.2213418E+03
8.2285908E+03
8.2238066E+03
8.2248174E+03
8.2242900E+03
8.2177021E+03
8.2298096E+03
8.2146055E+03
8.2196338E+03
8.2280459E+03
8.2291836E+03
8.2204102E+03
8.2158955E+03
8.2169717E+03
8.2199736E+03
8.2179160E+03
8.2261846E+03
8.2257305E+03
8.2273984E+03
8.2279580E+03
8.2293848E+03
8.2224365E+03
8.2237363E+03
8.2306445E+03
8.2290869E+03
8.2225186E+03
8.2266318E+03
8.2208672E+03
8.2269082E+03
8.2232139E+03
8.2220186E+03
8.2209707E+03
8.2226289E+03
8.2193350E+03
8.2224707E+03
8.2221738E+03
8.2251309E+03
8.2280049E+03
8.2204277E+03
8.2198994E+03
8.2251445E+03
8.2129805E+03
8.2211338E+03
8.2251016E+03
8.2281426E+03
8.2283408E+03
8.2235059E+03
8.2250469E+03
8.2316006E+03
8.2273945E+03
8.2153604E+03
8.2285889E+03
8.2293057E+03
8.2202539E+03
8.2333213E+03
8.2296064E+03
8.2293740E+03
8.2322637E+03
8.2234023E+03
8.2246016E+03
8.2255010E+03
8.2264199E+03
8.2222080E+03
8.2292139E+03
8.2280352E+03
8.2198975E+03
8.2280752E+03
8.2304316E+03
NULL
8.2302051E+03
8.2320801E+03
8.2242695E+03
8.2173623E+03
8.2261689E+03
8.2233359E+03
8.2246602E+03
8.2237363E+03
8.2543535E+03
8.2314258E+03
8.2264346E+03
8.2251729E+03
8.2207070E+03
8.2243467E+03
8.2280898E+03
8.2279150E+03
8.2256309E+03
8.2330938E+03
8.2329697E+03
8.2288701E+03
8.2245879E+03
8.2237793E+03
8.2253008E+03
8.1755322E+03
8.1091133E+03
8.1083662E+03
8.1269258E+03
8.2115469E+03
8.2229775E+03
8.2233096E+03
8.2317803E+03
8.2389531E+03
8.2340439E+03
8.2332402E+03
8.2383076E+03
8.2268330E+03
8.2426006E+03
8.2284688E+03
8.2458584E+03
8.2349609E+03
8.2352910E+03
8.2332881E+03
8.2404004E+03
8.2383066E+03
8.2376523E+03
8.2418262E+03
8.2355332E+03
8.2352920E+03
8.2425146E+03
8.2377734E+03
8.2393213E+03
8.2361406E+03
8.2407236E+03
8.2360723E+03
8.2422764E+03
8.2388193E+03
8.2445518E+03
8.2426904E+03
8.2409297E+03
8.2407451E+03
8.2404053E+03
8.2357637E+03
8.2447646E+03
8.2480449E+03
8.2377480E+03
8.2422236E+03
8.2463662E+03
8.2497383E+03
8.2404561E+03
8.2411514E+03
8.2406738E+03
8.2381006E+03
8.2519531E+03
8.2478174E+03
8.2377871E+03
8.2440020E+03
8.2434307E+03
8.2359521E+03
8.2546006E+03
8.2439043E+03
8.2539854E+03
8.2486104E+03
8.2455605E+03
8.2403779E+03
8.2499541E+03
8.2498975E+03
8.2610303E+03
8.2432344E+03
8.2443291E+03
8.2489531E+03
8.2469795E+03
8.2490693E+03
8.2445332E+03
8.2487666E+03
8.2525889E+03
8.2513340E+03
8.2485713E+03
8.2613652E+03
8.2542861E+03
8.2598076E+03
8.2501562E+03
8.2614902E+03
8.2460332E+03
8.2505537E+03
8.2488330E+03
8.2539307E+03
8.2529229E+03
8.2477842E+03
8.2572842E+03
8.2592969E+03
8.2509424E+03
8.2597129E+03
8.2537129E+03
8.2525527E+03
8.2682383E+03
8.2592529E+03
8.2555898E+03
8.2593867E+03
8.2586553E+03
8.2688223E+03
8.2501963E+03
8.2603809E+03
8.2601729E+03
8.2615869E+03
8.2663223E+03
8.2556553E+03
8.2592012E+03
8.2677324E+03
8.2638516E+03
8.2599893E+03
8.2612920E+03
8.2609912E+03
8.2744629E+03
8.2677793E+03
8.2687803E+03
8.2764180E+03
8.2752012E+03
8.2623896E+03
8.2681084E+03
8.2621768E+03
8.2721875E+03
8.2614453E+03
8.2601445E+03
8.2713584E+03
8.2711055E+03
NULL
8.2721143E+03
8.2589844E+03
8.2669531E+03
8.2664541E+03
8.2722588E+03
8.2793037E+03
8.2627178E+03
8.2758203E+03
8.2671768E+03
8.2656172E+03
8.2758896E+03
8.2675664E+03
8.2696484E+03
8.2728184E+03
8.2684297E+03
8.2686807E+03
8.2771816E+03
8.2709141E+03
8.2764199E+03
8.2732334E+03
8.2710078E+03
8.2682168E+03
8.2821621E+03
8.2608486E+03
8.2773730E+03
8.2757158E+03
8.2912686E+03
8.2712051E+03
8.2782393E+03
8.2821094E+03
8.2738721E+03
8.2779062E+03
8.2779121E+03
8.2793496E+03
8.2684980E+03
8.2768760E+03
8.2769785E+03
8.2706426E+03
8.2764131E+03
8.2777686E+03
8.2737822E+03
8.2804150E+03
8.2762070E+03
8.2725283E+03
8.2704248E+03
8.2792041E+03
8.2755527E+03
8.2700166E+03
8.2774766E+03
8.2760566E+03
8.2800469E+03
8.2791484E+03
8.2694238E+03
8.2788535E+03
8.2890371E+03
8.2740879E+03
8.2719785E+03
8.2825078E+03
8.2740186E+03
8.2616387E+03
8.2731191E+03
8.2719463E+03
8.2832666E+03
8.2831836E+03
8.2821250E+03
8.2763574E+03
8.2778447E+03
8.2795469E+03
8.2747441E+03
8.2729844E+03
8.2777490E+03
8.2761875E+03
8.2799219E+03
8.2762314E+03
8.2839844E+03
8.2820547E+03
8.2735195E+03
8.2820576E+03
8.2766973E+03
8.2740635E+03
8.2767490E+03
8.2828809E+03
8.2805957E+03
8.2851436E+03
8.2772842E+03
8.2830635E+03
8.2796709E+03
8.2782871E+03
8.2890088E+03
8.2757617E+03
8.2808604E+03
8.2699707E+03
8.2799375E+03
8.2781299E+03
8.2770186E+03
8.2769805E+03
8.2864639E+03
8.2804023E+03
8.2810381E+03
8.2707812E+03
8.2710137E+03
8.2719385E+03
8.2730039E+03
8.2694932E+03
8.2819814E+03
8.2743535E+03
8.2778105E+03
8.2705781E+03
8.2839170E+03
8.2702783E+03
8.2769600E+03
8.2988467E+03
8.2794980E+03
8.2729814E+03
8.2701631E+03
8.2733555E+03
8.2808633E+03
8.2771553E+03
8.2729814E+03
8.2737812E+03
8.2709736E+03
8.2748506E+03
8.2694014E+03
8.2845625E+03
8.2725205E+03
8.2774492E+03
8.2769844E+03
8.2767305E+03
8.2781582E+03
8.2680557E+03
8.2705908E+03
8.2679238E+03
8.2702617E+03
8.2688047E+03
8.2751016E+03
8.2671572E+03
8.2695674E+03
8.2605967E+03
8.2690615E+03
8.2752432E+03
8.2674902E+03
8.2703506E+03
8.2646963E+03
8.2732451E+03
8.2604863E+03
NULL
8.2760723E+03
8.2661260E+03
8.2672285E+03
8.2656484E+03
8.2768506E+03
8.2702480E+03
8.2646387E+03
8.2640771E+03
8.2728516E+03
8.2670576E+03
8.2698760E+03
